-0.07483400607015255,-0.05590803570441303,0.06994975721406417
-0.06517610508416198,-0.0868826387129856,-0.05807888046364033
-0.05892495647643665,-0.08361877782003671,-0.058538348808023555
-0.004373589653222633,-0.045382718651897164,-0.06507561666456446
-0.10891431100973747,-0.1014835110556136,0.06990506397345572
-0.022265410137524606,-0.0407018694728321,0.018175592990725967
-0.012906780151800572,-0.07960208752179268,-0.06592604351390366
0.03515181441803021,-0.007778046495076342,-0.017211044742169387
-0.06887482553253241,0.1551700520516448,-0.006128063511469295
-0.023292181121490285,-0.12514505672522522,-0.01737437362088596
-0.05608339011360051,0.10794383492607353,0.002869074985396298
-0.05741123875934235,-0.0905524376577682,0.07369634331495793
-0.009389526565110799,-0.027477173787075506,-0.034918064472780126
-0.03251247444784775,-0.09483711993301334,-0.1404055100342064
-0.005922996681824326,-0.03289918037593325,-0.006631602610736581
-0.025441758486722293,-0.04847316685614611,-0.05284778131949719
-0.014757747450446265,-0.01656722334964605,-0.014949731233906471
-0.03604596334814976,0.03182343621308079,-0.07128480705124467
-0.0030350188922997584,-0.06763701158886831,-0.04206588822848472
-0.027104171460898534,-0.036152277854335425,-0.050041901818360726
