-0.028974757794989512,-0.023458163757249028,-0.05260392109788278
-0.06517610508416198,-0.0868826387129856,-0.05807888046364033
-0.05892495647643665,-0.08361877782003671,-0.058538348808023555
0.0015123822744666266,-0.04535264427960617,-0.07322948169398871
-0.09590073491551149,-0.09242093016457772,0.08142105855450961
-0.06396330869550998,-0.12199416373853261,0.12948108863191057
-0.01421452310074937,-0.08837851299923005,-0.07319524029859174
0.10733256699183316,0.007078732194929234,-0.030104011327550036
-0.09603837364983286,0.22446915826643132,-0.010117137498585222
-0.02172996585332153,0.02434437956170968,-0.003576013640343375
-0.05608339011360051,0.10794383492607353,0.002869074985396298
-0.04553795959014913,-0.07037120660466403,0.05780133304300365
-0.01736873400952029,-0.05553051280279145,-0.09693366023642375
-0.011110088385304837,-0.03119245969327782,-0.04501857562625738
-0.011987960321204196,-0.07533199114285942,-0.019053810242481557
-0.025441758486722293,-0.04847316685614611,-0.05284778131949719
-0.010566784253000502,-0.01091639651823433,-0.009588837568969083
-0.04324111954103387,0.1713609085641558,0.05798271466903396
-0.0030350188922997584,-0.06763701158886831,-0.04206588822848472
-0.03007209486832041,0.08028636286130937,0.008583483791131372
