0.015982099957531675,0.1728953963926885,0.07883448534878564
-0.021480498891192492,-0.012029133891759147,0.19388801496758767
-0.024301303532464333,0.18406437371346035,-0.07862547182725352
0.045997354690712706,-0.036057873967461566,-0.12076378224264546
-0.15743102195876807,-0.15189670831544236,0.13424710150289615
-0.03130205616599498,-0.021701106293629587,0.044885739490261714
-0.04608654794876061,0.055608913812451345,-0.011469328395546007
-0.03487019177809566,-0.0621665240190029,-0.023308094476516245
-0.04387726834481047,0.08580791333882982,-0.021565238598482216
-0.033354649032064615,0.07160387138431744,-0.0019059668543051325
0.20570364081821665,0.03677562440360127,0.003951034441977915
0.05282488484071026,0.00829907544397056,0.025502408498559986
-0.010113180428712556,-0.02976827732699059,-0.03854090412155503
-0.07277174995859116,0.13885699064335263,-0.015076176921367717
-0.0038704010860191817,-0.017128341895346625,-0.0015193368488551002
-0.009821578425835904,-0.009821798378875535,-1.4467082266500106E-5
-0.007276326060521532,-0.007306119062366856,-0.006363257923598411
-0.017815372119468594,-0.012908357654954912,-0.054264858225674964
-2.396185589161469E-4,-0.004930158523453398,-8.487987944810122E-4
-0.008944779225603083,-0.007414288290507884,-0.007020982903641492
