0.015982099957531675,0.1728953963926885,0.07883448534878564
-0.00781298661596281,-0.004346554813230244,0.07017339661771167
-0.024301303532464333,0.18406437371346035,-0.07862547182725352
0.05743379284664216,-0.015572172277715126,-0.07629346035359102
-0.10398490717156463,-0.09495577787502615,0.054398769985647355
-0.02543136402727783,-0.009631991886773422,0.032090837083923726
-0.05419359427403647,0.0693023648563233,-0.014100939013437846
-0.02816909488017036,-0.051277529492408186,-0.019297045334450754
-0.03181784918569335,-0.07507463095571146,-0.17835946285557422
-0.019792825670178867,-0.008737928087163931,-5.217865266262839E-4
0.20570364081821665,0.03677562440360127,0.003951034441977915
0.06330677561475907,0.009711078515113276,0.03067361430796296
-0.006380816339163031,-0.0181125836094634,-0.020592892885919093
-0.07277174995859116,0.13885699064335263,-0.015076176921367717
-4.5956494545748285E-4,-0.0041594939835508365,-2.9087298714947476E-4
-0.013471675986671578,-0.013545949528639198,-3.8713096308750546E-5
-0.01404332129063588,-0.01564882156909399,-0.014088011886714472
-0.0252900893244987,-0.01833561215077572,-0.07711484727527206
-2.396185589161469E-4,-0.004930158523453398,-8.487987944810122E-4
-0.019280366992125122,-0.022046813795918583,-0.02706892581845255
