-0.0038916481186408373,-1.7596715016604964E-4,-0.02761377916334531
-2.4087144694705692E-4,-1.5278437665170752E-6,-8.409757654784059E-4
-2.8771045292787234E-4,-1.4863726593169183E-6,-2.036976326765685E-4
-0.007858709765742784,-0.0010245801930183923,-0.0014377445547734769
-1.794053639803914E-4,-0.008818100678081376,-0.015610442963511877
-0.0028012115935703618,-7.611581281789895E-4,0.0013974813045831388
-2.4006310171264687E-4,5.974752730931427E-4,-7.586758521186632E-4
-0.0433037681040483,-0.0013119669700458868,-0.002154986708086809
-0.005380733364429377,0.0019490867380455368,0.0024690029841851124
0.01837580425092946,-0.002036356262322637,-0.025233935466856858
3.503557647364995E-5,0.1465049759451366,7.296624960268554E-4
-0.006285943297882513,-0.007646504900182391,-0.002325445125504675
-1.5441730831943442E-4,0.00848651985575593,1.5058205536023461E-4
0.0,0.010945161375258845,-0.014353293368001402
-2.852088318357229E-7,0.017104941729864404,-2.999186299379661E-4
-1.0730593227319195E-6,-4.130159460708348E-7,0.1475621992229893
0.0,-1.2364560377282891E-17,-0.009609535604454251
-0.2902983369761693,-1.792160744665599E-17,-2.105807438733915E-16
-5.9454311591648395E-5,-3.2107766861706273E-7,4.4271038891010096E-7
6.757307262832308E-7,4.5927504054903064E-7,2.2728070044976634E-4
