-0.011121661753444733,-4.949916413001159E-5,-6.226762585563896E-9
-2.4087144694705692E-4,-1.5278437665170752E-6,-8.409757654784059E-4
-2.8771045292787234E-4,-1.4863726593169183E-6,-2.036976326765685E-4
-0.006935511910704779,-0.0021713419333822936,-9.631487251732027E-4
0.013443055416754411,2.9130190108928657E-4,-0.01766888851907864
0.0,1.2111528171594191E-17,-1.4248772118118534E-17
-2.829968132783744E-4,-5.554362633039301E-7,-5.527448791507468E-9
-0.13221678650051075,-0.0015631327784319026,1.9009335319782226E-5
-0.005735512110907632,-0.0012556194393328706,4.621328144203799E-4
0.009905220306522652,-0.0014389373215120318,0.0035740292914532394
3.503557647364995E-5,0.1465049759451366,7.296624960268554E-4
-0.0021434429275308093,-0.007726513854732231,-4.5738036935347284E-4
-0.008165829711134718,0.007850653349560173,-0.0020662089996460044
-8.100506170126786E-6,0.0020217870372136217,-0.004233942317609506
-6.371889156475883E-8,-1.840549892160424E-12,-7.979730971303049E-11
-1.0730593227319195E-6,-4.130159460708348E-7,0.1475621992229893
2.641258551866613E-4,-0.08307858629984488,9.094309827807251E-4
-0.00958613867556087,-1.8232838144791294E-5,-0.04445841711164543
-5.9454311591648395E-5,-3.2107766861706273E-7,4.4271038891010096E-7
0.02594933534353129,-0.02263560915002711,-3.776803844115921E-4
