0.0,-3.320038444216525E-16,-6.554447495110544E-17
4.336669041235925E-6,8.702634853683479E-6,-6.210191777190431E-4
-9.754364708867005E-8,-1.4656191342516062E-6,-0.025645949919156443
0.0010273768620362826,-0.004073739091780601,0.00439664541174635
7.238994750099519E-5,1.7893768346926984E-4,-0.016967314335856677
-3.769669486644749E-4,-8.710311518019022E-5,-0.004032237945285274
-5.078596334995133E-4,0.009518632074767134,0.002746226926342659
1.8584515593359738E-5,0.004197485948860524,-0.006505683347396352
-0.008186900885841656,0.03262178029517093,-0.009385483431471681
3.604819117437805E-4,0.03840798490426866,3.8357428516860794E-4
-2.096966954597787E-6,-2.1686057164833766E-6,-9.797293453307005E-6
-0.004154229434232819,0.002516386149204407,0.01393940929380277
-0.0011794188653204154,0.017331180448907066,0.004614925382832305
0.0,-0.04083632697616781,-0.12076634856196178
0.0,2.1848842804591678E-17,3.0383033659467904E-19
5.280008429906214E-9,-1.1344999615286741E-8,2.0763656999908655E-7
4.585817378947228E-5,-6.271641374739274E-6,-0.00908728186872413
1.2829129390516807E-4,2.857328060086824E-4,2.3200920962497245E-6
-1.3373997020867025E-4,0.07383225028562912,-4.514332332858492E-10
0.01740980682052985,-0.019344131516961717,2.589113094793893E-4
