0.0,-3.320038444216525E-16,-6.554447495110544E-17
1.2599245788819484E-5,2.4955455828692928E-5,-0.0034944906519017082
-9.754364708867005E-8,-1.4656191342516062E-6,-0.025645949919156443
0.001522380474122275,-0.007004426566353259,-2.3506326783575417E-5
1.2067027229558028E-4,2.9881497476457115E-4,-0.028278959816875796
1.815557019911069E-4,-2.0058876971372987E-4,0.004198139692640975
-5.868051622517989E-4,0.004584927092184507,0.0021572935557537115
8.485824942675335E-6,0.008477864796779318,-0.008132906797033001
0.0046852134069048056,-2.2776956784063503E-5,4.706627737910713E-4
0.004941128082357244,0.0039827067563650296,-8.944019108715357E-4
-2.096966954597787E-6,-2.1686057164833766E-6,-9.797293453307005E-6
-0.00264476247884734,0.002895219192072372,0.03372842906118202
3.339907515250965E-4,0.017136067762359458,0.0047820892445602555
0.0,-0.04083632697616781,-0.12076634856196178
1.875577286842922E-7,0.0284351826266867,-4.660380838200796E-4
3.809658026076377E-4,-0.01577497005009209,2.524649904131802E-6
4.51251863620951E-5,-0.2669295371586939,-0.006516498429320102
-5.474735983443123E-4,1.9719961984151704E-4,2.529259572799029E-5
-1.3373997020867025E-4,0.07383225028562912,-4.514332332858492E-10
0.013082390276137931,-0.0209143753686843,1.3025891248549532E-4
