0.0,5.424453199999999,2.2896300000000255E-157
6.0026E-15,8.376599999999999E-113,14.913400000000001
10.5582,3.8000000000000005E-21,6.5562E-276
1.564766100000015,1.4711200000000011E-15,8.243144000465279
4.44795E-54,6.943282499999999,0.5960400106436919
3.4423446300073506,1.0842000000000003E-15,1.8911176009232795
17.659562500000003,0.006311700000000008,7.02108E-30
1.1564000043894712E-5,2.985514280000093,2.8878505301653243
4.614740960537787,1.22000321,8.12955E-70
1.0708464300000002,0.0049359002571697595,0.12534088157848
15.3018,2.2518E-15,9.9334E-22
4.6606000000000004E-14,8.845600000000001,6.4314E-29
1.7886700257E-212,1.4700821654435556E-36,1.943579
7.1246,1.51944E-13,9.1424E-47
4.861020000000004,6.936000168684E-20,2.3384539999999996
2.8608E-31,10.928,1.37088E-20
3.286,1.77656E-21,0.0
2.4074,4.1776E-202,0.028858
2.9358E-31,2.922E-27,15.893999999999998
1.0628E-11,10.8272,8.719E-23
