0.0,11.9517,9.8127E-157
9.003900000000001E-15,1.25649E-112,22.3701
15.837299999999999,5.7000000000000004E-21,9.8343E-276
3.5191855000000203,1.9965200000000023E-15,11.185749001046878
6.1587E-54,9.382217999999998,3.49300000037257E-5
16.471799999999998,1.2359399999999999E-206,4.6164E-9
29.4267,1.29096E-17,1.1701799999999999E-29
0.29940721,13.425551100001634,2.4168740036090004E-9
10.6494,0.0142071,1.87605E-69
0.29034324647429327,0.100645824537,3.5245034
22.9527,3.3777E-15,1.49001E-21
0.003901000104463597,10.21481102,0.02511575438
3.2236437599999996E-212,7.030285455999999E-47,4.9532843
3.83348799,6.83749349E-14,4.11408E-47
24.3051,8.4342E-27,1.73544E-34
4.2912E-31,16.392,2.05632E-20
3.1953213999999996,8.4E-323,0.0
1.320916306E-22,6.3096E-62,5.952286899999999
4.4037E-31,4.3829999999999996E-27,23.840999999999998
7.139023714702657,4.222166006898441,1.0032374340021798E-11
