0.0,5.5792,3.6804E-5
0.00761769,9.373499999999999E-63,1.65646136
5.1828000000000003E-20,14.323999999999998,5.147E-294
7.0904284,2.4907918680000001E-29,1.6284800000000002E-9
4.1058E-54,6.577242199999999,0.894060015858692
3.3621018,1.5223800000005655E-18,0.29451555761560055
0.068976,5.2052154,2.9512E-20
2.6577104599999997,6.618999999999999E-14,2.1215039443399997
1.7609917861310006E-15,2.3705758,5.37696663856E-53
3.2824E-15,9.1462,0.011693199999999999
4.3806E-8,3.6788E-8,8.4958
4.629275,5.7851199999999996E-9,2.0328259245515208E-8
5.371838558E-212,2.5729353700312465E-36,1.1772613
3.1946E-31,13.0028,1.04356E-248
1.83232E-205,1.6411200000000001,0.140474
1.5248000000000001E-58,8.512E-24,8.2178
3.1114764,1.510076E-21,0.0
8.7934E-32,19.502,1.137E-29
0.040572000000000004,1.62604E-242,2.0072
4.252016037505401E-12,5.9981086,1.4574676E-20
