0.0,5.5792,3.6804E-5
2.022E-165,4.0186000000000005E-231,4.446
5.1828000000000003E-20,14.323999999999998,5.147E-294
7.8118,5.4446E-30,2.3264E-9
6.843000000000001E-54,10.206599999999998,2.101E-24
4.4061330000000005,1.5223800000005089E-18,0.27025760092336043
0.084304,4.6984288,4.5486000000000003E-20
3.47773048,6.618999999999999E-14,2.0756542591200002
2.95389779,0.26184610737499997,6.0730000000005E-57
3.28697564886173E-16,3.0328920520000007,2.63063771
4.3806E-8,3.6788E-8,8.4958
3.69486222,4.207360000000009E-9,2.0328216135951205E-8
3.0982153537000003E-212,3.6781753490154844E-37,2.16162886
3.1946E-31,13.0028,1.04356E-248
1.4887599999999999E-24,1.156E-19,3.8952
1.06736E-58,5.9584019794E-24,6.100668399999998
1.2753056,1.5E-323,0.0
6.15538E-32,13.709190509999997,7.959000000000001E-30
0.040572000000000004,1.62604E-242,2.0072
2.0403514544277654E-9,2.0832762999999996,2.8251200013218E-11
